%YAML:1.0

camera_matrix: !!opencv-matrix
  rows: 3
  cols: 3
  dt: d
  data: [ 718.856, 0., 607.1928, 0.,718.856, 185.2157,
            0., 0., 1. ]
distortion_coefficients: !!opencv-matrix
  rows: 5
  cols: 1
  dt: d
  data: [ 2.4013693806580441e-01, -1.6583514299888240e+00,
          9.5974404987144563e-04, 1.1052645233895235e-03,
          3.7649861561464220e+00 ]

